Nombre contacto
German
Pedro
Romina
Pablo
